256 
1.263261178510894752e+03 4.998179806873573625e+02 1.902499444276487282e+02
1.387203627039772982e+03 3.328819522942559388e+02 3.849075732003970529e+02
1.222909880856066138e+03 6.196019786635811215e+02 1.948090859703159765e+02
1.358290648894686456e+03 4.230054512115938223e+02 3.692803501143201856e+02
1.078023110286627343e+03 6.166586171564786127e+02 1.893810567791369976e+02
1.227774551594404102e+03 4.480295818088749229e+02 3.711566355993802517e+02
9.751022719849893292e+02 6.805861641972953748e+02 2.141996372004916793e+02
1.102270511981775826e+03 4.932921958938860030e+02 3.722013460929150597e+02
8.018171679196669857e+02 6.340801226884387916e+02 2.056167345167669112e+02
9.961794492162169945e+02 5.305131917364670926e+02 3.680651862247841564e+02
7.178971055919764694e+02 5.731803417770395299e+02 1.861893572479222598e+02
9.053940921046560106e+02 4.636637801500116325e+02 3.777768608775636494e+02
5.893265145896397144e+02 5.852004343756678963e+02 1.923961190504618344e+02
6.582989071652241364e+02 5.118689777819050732e+02 3.655163100690133433e+02
5.629954053860981276e+02 5.097810224872541198e+02 1.877665047825721558e+02
6.224356930534950152e+02 4.160022969678867071e+02 3.800021704100968805e+02
3.212529135231989130e+02 4.272344413965008698e+02 2.123207171244310985e+02
8.352560500091076392e+02 3.021180494209895073e+02 3.911887896038106760e+02
3.816593850455358847e+02 1.893270075493339277e+02 2.245769305779164142e+02
8.508035406484312944e+02 2.072320381170588917e+02 3.843707963794106490e+02
7.400686865797406426e+02 2.624531161748066097e+02 1.880429948467167378e+02
9.292862657170163629e+02 1.511044674555677432e+02 3.816313143259958451e+02
8.823505410904310793e+02 2.097254044832476438e+02 1.865002753884588742e+02
1.055398494204184999e+03 7.729830632322577344e+01 3.667825573099422627e+02
9.822263085511596046e+02 2.373295138969693596e+02 1.804387780523328217e+02
1.169275843556300060e+03 9.231314764916723448e+01 3.694638321234189675e+02
1.057162741836659961e+03 2.931685270248092365e+02 1.734659541880066058e+02
1.258269903121347170e+03 1.473594097323156973e+02 3.766756349318811203e+02
1.161684144384894125e+03 3.091374880695091178e+02 1.778201120801826107e+02
1.506370341736155751e+03 9.155474368989442269e+01 3.588353120130868774e+02
1.189710593513766526e+03 4.085444859111872233e+02 1.812335605250486879e+02
1.552995750879523712e+03 2.400025472336393477e+02 3.748388151204634369e+02
1.523352801632189767e+03 2.853657888428580804e+02 5.148493491724335627e+02
1.491355357213958996e+03 2.932978836358809076e+02 6.852258935143339613e+02
1.509305144518696579e+03 3.767877067877375339e+02 5.219154262188247912e+02
1.481842337847644330e+03 3.732828296753307882e+02 6.822333153968448869e+02
1.355293703661828431e+03 4.249344356570119317e+02 5.138924705179443890e+02
1.370137061903721815e+03 4.097929202456780899e+02 6.783004054875248130e+02
1.204270093232986028e+03 5.268542261844999075e+02 5.213925299726971616e+02
1.258687043146495625e+03 4.890724555855367157e+02 6.959877202269982490e+02
1.097383019513999216e+03 4.856470975172936733e+02 5.079883595602162814e+02
1.142497605238495453e+03 5.516152526847999980e+02 6.708525188086000526e+02
1.002918467987665963e+03 4.400914507690937398e+02 4.958695393048711821e+02
1.053680873205968055e+03 5.021999088442522634e+02 6.050831963004618501e+02
8.541516622448664293e+02 4.394701488701267635e+02 4.942455741563684342e+02
8.260585759306245563e+02 5.760799397620251057e+02 5.059932780210257874e+02
8.204851693768981704e+02 3.553248675044364404e+02 4.813820428081804152e+02
7.522923416964563330e+02 4.240164745771310209e+02 5.062286414367826524e+02
5.754245822546160980e+02 2.683498123163284390e+02 4.877582979009395672e+02
9.525972594700339187e+02 3.047676080800176805e+02 5.752327845437910128e+02
6.257120344912777909e+02 4.500805728960247620e+01 5.014876970257225253e+02
9.687341522067503092e+02 2.266738764063524059e+02 5.616409396560491132e+02
9.887830838023023716e+02 1.042721710846907399e+02 4.920510333790871869e+02
1.033003279722882326e+03 1.697503634488418527e+02 5.921800045519414653e+02
1.129805362898418025e+03 4.829858709668994265e+01 5.119550551448736542e+02
1.129112892278095387e+03 8.501210523720536116e+01 6.622853356445492636e+02
1.228041246354938494e+03 7.158015902798652519e+01 5.110693341376030503e+02
1.212373334790965600e+03 8.416806671313517541e+01 6.969726229901166334e+02
1.300225918465857376e+03 1.177085404650347300e+02 5.036620421934497926e+02
1.298057207247654333e+03 1.061092821128395087e+02 6.998083995805918676e+02
1.408322916642966447e+03 1.302262590901537465e+02 5.106701170026238401e+02
1.548860876114864595e+03 9.373857680510639057e+00 7.322282702896633282e+02
1.441512580042388436e+03 2.192599046671666088e+02 5.055164471236887493e+02
1.641487171518306241e+03 1.799043131583356967e+02 7.064962880612172285e+02
1.565199158202655781e+03 3.117198562306884355e+02 8.391641560945248557e+02
1.376703426309331007e+03 3.456621409163522571e+02 9.985122437105712834e+02
1.543520097764228922e+03 4.159218811565492615e+02 8.483279397414428331e+02
1.359398250189087321e+03 4.123021696708752302e+02 9.914764298397335551e+02
1.394484270997869999e+03 4.493922241803456927e+02 8.163889190793220223e+02
1.269669923009427293e+03 4.298925829486814791e+02 9.253202110743654885e+02
1.270063977538383369e+03 5.273029122355303571e+02 8.295630090879935779e+02
1.194875137099049425e+03 4.898969778071639212e+02 8.867424307156059058e+02
1.164529508638036987e+03 5.078140023396822471e+02 7.688630891931804854e+02
1.121261493069363269e+03 5.617349680422962592e+02 8.086922300342016570e+02
1.092902058914750796e+03 4.847605881400586441e+02 6.782150755376907227e+02
1.038574470741666119e+03 4.941053259865449263e+02 6.909340054887737779e+02
9.685300752784758060e+02 5.135148498631569964e+02 6.109782028738443387e+02
8.659287435960206949e+02 5.492060915535347476e+02 5.052962624659633093e+02
9.094650946883350571e+02 3.946518013964873717e+02 5.900704066391857623e+02
7.836042080557164127e+02 4.017983010253217913e+02 5.085448320355205851e+02
6.831174083880165426e+02 3.063119143588090765e+02 4.861136438980309435e+02
9.529672186192244681e+02 2.817404495283984716e+02 6.479128606566164308e+02
7.316629679487480189e+02 1.097207184385619314e+02 4.628497959869923761e+02
1.014297998478553382e+03 1.944496563684240300e+02 6.267184270004918289e+02
1.044133454863405632e+03 1.482033025053324309e+02 6.426605591639274735e+02
1.068302464070965925e+03 1.504876654957550670e+02 6.844126958993679182e+02
1.128092551260069740e+03 8.824364256655118766e+01 7.652179034948952676e+02
1.123078192693981237e+03 7.817268769583259314e+01 8.308793833574771952e+02
1.203599184988644311e+03 9.769744436850646707e+01 8.091705484528214356e+02
1.192054396264409206e+03 1.102821907357595990e+02 9.192922302298941304e+02
1.285346262271449177e+03 1.239147246246863858e+02 8.258130075321945469e+02
1.272284580436945589e+03 1.662101546704914483e+02 9.423751953044289849e+02
1.410571169145824570e+03 1.305792607668344374e+02 8.589573814423233671e+02
1.476815476343723731e+03 1.316310194664033588e+02 1.092258679071041115e+03
1.480329939985339024e+03 2.354279987925292232e+02 8.256615185178502543e+02
1.510656719225666620e+03 2.711098565064247623e+02 1.101709118546159516e+03
1.305347253935168510e+03 3.495422712941592067e+02 1.186078156704498724e+03
1.016414754922722636e+03 2.891269460397201669e+02 1.203954862143853234e+03
1.310878657413050860e+03 4.575573184997168710e+02 1.146269249010988688e+03
1.092813233859427783e+03 4.085255478712344939e+02 1.134274353170425002e+03
1.221821524988961073e+03 4.780589122249656384e+02 1.017798838387816659e+03
1.060627836935780351e+03 4.254212786911115813e+02 9.931488913152904843e+02
1.146401374100305020e+03 5.489610488762624527e+02 9.360005610239137468e+02
1.027883442153284022e+03 4.601485921361365854e+02 9.269209950890316350e+02
1.078650413908901101e+03 5.136531052441221163e+02 8.354475751076026881e+02
1.003563468389377135e+03 5.119705081478834359e+02 8.264657318132758519e+02
1.024329526848161095e+03 4.468766297842839208e+02 7.258531789108656085e+02
9.352093493050410871e+02 4.443022186112374357e+02 7.245543328080417496e+02
9.325233164041712826e+02 4.434936305745970344e+02 6.185802248080840400e+02
8.307674323882970384e+02 4.670494299852535391e+02 4.808723797038672387e+02
8.767304225862463909e+02 3.303653296526619556e+02 6.260143938210352417e+02
7.134479770610222431e+02 2.736085570667894444e+02 4.861191615926819054e+02
7.174827781443625554e+02 2.049922717769071028e+02 4.613016470587070899e+02
8.039635788644120566e+02 2.079718223318291166e+02 7.079252968080340906e+02
8.165843612812027459e+02 4.302847273727093125e+01 4.480800500917655995e+02
8.345574502602207758e+02 1.471958990916031951e+02 7.199500498885029174e+02
1.020144192964295485e+03 1.372004782976722481e+02 7.213469181021490613e+02
8.920263183434047960e+02 1.136988628438456885e+02 7.804047901220909580e+02
1.081117413570312692e+03 7.055032015649194932e+01 8.808211526005234191e+02
1.011952422510252518e+03 6.593052738180753636e+01 9.104795265719320696e+02
1.147971240608871994e+03 1.112479866269774789e+02 9.777443551518022105e+02
1.044709751686312075e+03 1.147304247389663772e+02 1.020124769793574615e+03
1.204517935602941407e+03 1.721201406506762339e+02 1.020882252151312855e+03
1.026848039684867672e+03 1.677611040699508749e+02 1.090619339627779709e+03
1.264453914403474300e+03 1.946561902280601828e+02 1.102169395803803127e+03
1.077491862695659165e+03 1.205468499466379910e+02 1.329781434370368743e+03
1.263966330520122028e+03 2.747098184633205165e+02 1.123526746060469577e+03
1.029717820312357617e+03 1.935761591689111185e+02 1.364103542194258580e+03
9.087283403674156261e+02 3.021869579608841718e+02 1.311556201860639703e+03
8.111816799258012907e+02 3.799278872731421757e+02 1.162189243225652035e+03
1.047609786834915894e+03 4.840770910006813210e+02 1.218255918820296529e+03
9.070287227697214121e+02 4.880247767236180607e+02 1.074006922346144620e+03
1.029229349997250210e+03 4.925117023474958842e+02 1.016084965969756126e+03
8.761759603329610400e+02 4.744687351283503176e+02 9.603140178356483148e+02
1.011292637964253345e+03 5.198028221219583429e+02 9.439157014846563243e+02
8.877781304829941291e+02 4.703432470275668607e+02 9.395602315666786808e+02
9.534823850518907875e+02 4.814888397215556779e+02 8.555492258408022508e+02
9.269608274681380635e+02 5.286674174607865098e+02 8.718865981265740857e+02
8.846734945678166468e+02 4.225648916910557773e+02 7.602422071106749399e+02
7.912378388121354647e+02 5.147421105716703096e+02 6.868962418959865772e+02
8.092408248105369921e+02 4.100225892677055981e+02 6.313347435001730901e+02
6.578221525311323603e+02 5.391994348509521160e+02 4.304926734901306986e+02
7.234558314505915178e+02 2.869926709011721755e+02 6.423570589037486798e+02
4.991113333728328598e+02 3.786949449209078011e+02 4.486464965708431691e+02
5.639635014233268748e+02 1.591976667334438105e+02 4.827546579093379933e+02
5.687516524253676380e+02 3.150394840050036578e+02 6.777472483785895747e+02
5.672398272074192391e+02 3.385972745023863695e+01 5.374503423341805046e+02
5.482058987054506360e+02 2.436018152555728875e+02 7.283820652711999628e+02
7.806731713847208312e+02 1.273447342648368306e+02 8.014848851131822585e+02
5.922848567257213972e+02 2.005443943878142079e+02 8.024761149402061164e+02
8.979406877568728760e+02 5.634626144823536720e+01 9.053245075104296120e+02
6.908185812782570565e+02 1.372119628834143441e+02 8.755376989028274011e+02
9.493578262720251359e+02 9.491679113223131026e+01 1.031491169359311698e+03
7.484836665350109115e+02 1.560080147486320072e+02 9.576876410334900811e+02
9.212566470068668423e+02 1.633192474339490445e+02 1.115870817516466104e+03
7.509411034081443859e+02 2.110053591842343792e+02 1.042965821271205186e+03
9.119585142843819767e+02 1.783398011351743833e+02 1.214159767763707578e+03
7.914437645425244909e+02 1.546424129966095791e+02 1.287967657830175085e+03
8.863433950981765292e+02 2.323984803437415394e+02 1.230227981210355892e+03
8.013933321404556409e+02 2.871951506317981853e+02 1.330182848272439514e+03
8.172798457858667689e+02 4.410265999628653049e+02 1.244832369309672686e+03
7.773238366115117515e+02 4.481100068298999872e+02 1.170337422338210672e+03
8.955255600227951618e+02 5.829850941793270067e+02 1.146769786266666870e+03
7.542348812139076699e+02 5.484558610775882244e+02 1.180510045290132211e+03
8.706552345446548316e+02 5.501881395481173058e+02 9.917325544338259533e+02
7.810819222204668222e+02 5.721930816377931706e+02 1.031192761186200869e+03
9.068576875294270394e+02 5.220742752828609810e+02 9.604386449443228457e+02
8.185296648201939433e+02 5.521841401340415132e+02 9.589867229510660991e+02
8.676079410322570311e+02 5.181246609659466458e+02 8.888596445515065625e+02
8.679501203706582828e+02 5.962428028986364552e+02 9.059884762769379449e+02
7.624365776274851214e+02 5.399688617364633956e+02 7.486960485530350979e+02
8.192533220960291374e+02 6.420279729094754657e+02 8.287545484942958183e+02
6.428744487388775042e+02 5.514455901738866714e+02 6.022376198544777708e+02
7.491466748250793444e+02 8.259101398677897805e+02 5.802863794138670528e+02
5.205434050333070672e+02 4.586334973951774145e+02 6.128327585571844338e+02
4.131980457731683600e+02 7.155115651332814650e+02 5.415393481030594103e+02
3.030183166609949694e+02 3.913859435636359763e+02 4.751186427811451267e+02
4.502380155840824614e+02 5.563293960546184280e+02 7.396562798051186292e+02
2.353965457042844491e+02 2.501882479610555094e+02 5.817543739098190372e+02
4.130695555629155251e+02 4.807852083721249983e+02 7.712732913070145742e+02
5.065696130306021132e+02 2.776280096547448579e+02 8.040671514517355263e+02
4.389570051086692501e+02 4.307630706434524654e+02 8.218896979540745633e+02
5.641344170493331376e+02 1.961281787980448996e+02 8.592934062293560373e+02
4.570226098877790264e+02 3.584399126112223257e+02 8.681514086740082803e+02
6.254009094094242300e+02 1.795709690674118235e+02 9.431382714524539779e+02
5.041352701470963211e+02 3.157819309419768956e+02 9.334747903518481280e+02
6.695280819095255538e+02 2.228852545380920560e+02 1.039835093339669584e+03
5.839790161993169022e+02 3.100771057491123202e+02 1.035227115435431415e+03
7.011573474679360061e+02 2.397842884955605030e+02 1.154097598768324360e+03
6.597411665439209401e+02 1.667319907689304159e+02 1.243244649564543124e+03
7.481095107806837632e+02 3.478745935730084966e+02 1.184829292401754174e+03
8.012652003749003597e+02 3.103410563506905078e+02 1.307197467074650604e+03
8.966350285437529237e+02 4.520254759775273214e+02 1.220248043239076424e+03
9.229072147658530412e+02 4.133869429215828291e+02 1.150030170606936281e+03
9.000180058802384337e+02 4.760924606783883064e+02 1.221797239794675534e+03
9.688653087368473962e+02 4.881217234506639784e+02 1.138503181117689792e+03
8.612819422176298758e+02 5.359908458150937349e+02 1.076857859295970002e+03
9.002703921534355231e+02 5.558906554034607552e+02 1.109878793088965494e+03
8.832360424710589086e+02 5.768189721396501000e+02 9.948856466104158471e+02
9.042692202927349854e+02 6.012390402635696773e+02 1.089473693816901005e+03
8.343928075513533713e+02 5.944348412262164629e+02 9.473343734525086575e+02
9.582056942273842424e+02 6.449365576574379020e+02 1.069356138051252174e+03
8.112117251465697336e+02 6.379216964744600773e+02 9.321475576219655750e+02
9.368617649219609120e+02 6.953976712979961121e+02 1.035815675753538471e+03
7.789767890542132136e+02 7.978472893799618078e+02 8.479210781631438749e+02
8.618439281153839602e+02 1.000131996537208579e+03 8.577061637791907742e+02
4.898407584240718506e+02 7.753584533532485921e+02 7.958112524742355163e+02
3.964028964064410161e+02 9.248796111466346019e+02 8.911911647633004350e+02
2.231633312946421484e+02 8.148179980761040042e+02 6.906936155245557529e+02
4.890794030996118522e+02 7.263794537845371906e+02 1.006035208648829212e+03
1.264892173082872660e+02 6.307428869025844733e+02 7.173052943332119185e+02
4.542394309066149276e+02 6.687861726930731265e+02 1.035201140425258700e+03
4.110989728135118639e+02 5.090941409882559014e+02 8.774618483786065326e+02
4.803979885057127603e+02 6.051073881948595954e+02 1.056167524341323542e+03
4.174734595093062808e+02 4.331402340216334323e+02 9.182446386192926866e+02
4.893179621502866325e+02 5.220455095061362272e+02 1.066252941376533954e+03
4.527921556976355646e+02 3.819367092991518007e+02 9.732771656074459088e+02
5.227810883720364927e+02 4.716599821818869032e+02 1.079613842169765348e+03
5.499841602784799761e+02 3.425075307892175829e+02 1.068452293052052710e+03
5.755069833406735142e+02 4.181785121012873674e+02 1.116977039778042581e+03
6.333883665297015568e+02 3.032053490492302217e+02 1.169237424253631843e+03
5.830696876260482213e+02 1.673240536103097611e+02 1.203097354897239256e+03
7.792518693241887604e+02 3.827594162174946177e+02 1.183098558651957546e+03
7.898683880515080773e+02 1.606383775238327871e+02 1.210592700037997929e+03
1.054969983898286728e+03 4.202612284037655854e+02 1.214034906739734424e+03
1.075605880109652389e+03 4.849843987382453179e+02 1.284446885726718392e+03
1.092091096321039004e+03 4.977037007974431617e+02 1.186777660875163065e+03
1.092652288127991142e+03 5.391490307163261377e+02 1.290789213629344658e+03
9.856745956836876985e+02 5.668927343997340813e+02 1.160799501184310429e+03
1.010594016074161686e+03 5.961269184532532108e+02 1.293526893943378354e+03
9.882784829765842005e+02 6.154107628685692362e+02 1.151792379848796145e+03
1.008294908994985235e+03 6.271188389910372507e+02 1.291442197011555209e+03
9.397161627924084542e+02 6.440613177409200034e+02 1.140346016525096729e+03
1.060129658028838776e+03 6.692954990620833087e+02 1.283792154526445529e+03
9.273341058064900153e+02 6.845200671556156067e+02 1.133961921636749821e+03
1.022462636157290376e+03 7.384119519247184371e+02 1.243545875050643417e+03
8.278582227533199784e+02 9.148561941701559590e+02 1.090203879691345492e+03
5.353910071062167617e+02 9.820030686616614730e+02 1.150011049049295252e+03
4.951531167705135204e+02 8.324993534719521904e+02 1.081138468695301981e+03
3.797375424290123078e+02 8.330807989399685312e+02 1.233530776318737708e+03
2.488076861992958584e+02 9.006915224699354212e+02 1.072435810850242660e+03
5.667562676552217908e+02 7.045350775132725403e+02 1.273593215305311787e+03
1.965891791477954484e+02 8.024869723769365919e+02 1.123155457470339343e+03
5.588573894807630040e+02 6.865356194268728132e+02 1.284360896349851600e+03
4.971390323345942761e+02 6.338722852727312329e+02 1.138786214393866885e+03
5.863889105149112311e+02 6.299319790015811122e+02 1.287476071417745970e+03
5.015442449731913257e+02 5.451185719588108896e+02 1.142240638294674000e+03
5.868153436038770678e+02 5.620691202176039951e+02 1.285532839854182839e+03
5.330112238974475076e+02 4.876699563153687222e+02 1.152936215449273504e+03
6.131632177374170851e+02 5.074504760084282680e+02 1.283821444968644755e+03
6.034112141485566099e+02 4.200347642846179497e+02 1.187347883436363418e+03
6.847532562715808808e+02 4.208925169029523659e+02 1.279368177974103446e+03
7.118109147907521219e+02 3.152401614652181934e+02 1.240104241240502915e+03
8.777063670766107180e+02 1.486529124813714020e+02 1.257225898198904588e+03
8.955063948203271593e+02 3.635015540453778158e+02 1.227159197588083771e+03
1.151750495959350474e+03 2.972994312995577388e+02 1.266409424295083681e+03
